0.08427326463036688 14.360365590880035 0.9404613385356663 
8.031760496529447 13.00428461152221 0.07690399574993129 
12.329332789905818 3.931378660208608 6.649866575557673 
0.0 0.22438344638 0.53205237398 
0.0 0.0 0.0 
11.19505879284114 7.146300124487248 8.654394442948917 
4.5742094611661805 15.142620518857225 4.2744920291709825 
4.296022345730639 3.4250676361512324 5.363273664316493 
0.7949940658591301 -0.6187354337138344 1.5739047090091147 
-0.9273864499119483 -0.8250641554279924 -0.25738820863915024 
0.3753102266641217 3.1977804035512416 0.5283759809543354 
5.119362415420956 9.825032130883704 2.0157501122877655 
9.966367161954198 5.957277383470602 12.259483153285942 
4.001965227816548 0.5792681900025742 7.832075001445229 
-0.3589848918195673 -0.26982072692294434 1.9887006495427095 
-0.39318843800000003 0.44674342456001714 -0.2 
0.33838885373241695 1.7090687869914436 -0.0964145581403626 
3.9488590042339835 3.337708170934585 1.955597827708986 
1.5457859850462725 -1.4635359060189579 4.150869571499818 
-2.3885512857686084 7.691165798493069 -0.9534053352445357 
-5.359810898813839 1.7614247073088038 -5.813591646249074 
3.9901741730312756 8.42388241071626 -0.504000814179223 
9.086767939639108 6.020510592802068 5.785341534286761 
1.501702709511497 0.031243278760622613 4.443773552927657 
-0.15842794192609683 0.0 0.7995819901252113 
-12.97235627219716 -5.981838043096078 -33.38305017361119 
2.9620891595515597 3.625417672645121 -4.238956707327767 
1.1766251364445277 0.7057693233433211 2.341653037118536 
0.0 0.0 0.0 
0.0 0.0 0.0 
-7.880585153401506 2.9112787023419746 -8.159995660141753 
4.284264344072294 5.664873168544468 -0.10665795907610015 
2.96966443666986 1.7218154315707506 5.538350738164138 
0.11775658120000013 2.9108572000000006 1.085326115320721 
0.0 0.0 0.0 
-25.518734286184433 -3.2404150039600412 -5.579632749787981 
3.530806730038219 1.3145507511430239 -0.07891192903786204 
4.124354456613125 2.761160058135491 2.471184685390644 
0.3615647209532613 0.2119709530385936 6.599749171099617 
-0.770438 -0.8241356268376616 -0.016999198940820692 
12.11757326963162 15.199378057402704 10.819242406351039 
17.758180103892986 17.336248822631926 10.876439831389812 
10.477949254123661 10.060713221137991 17.121772391826454 
5.275989038531395 0.7675642636950771 7.793001724946951 
0.4313708664532773 0.0 0.0 
9.676308065939452 0.6625300206340698 1.5915613169965739 
10.018712753065568 1.4064252848283387 1.4703087635078176 
0.5351432872335249 1.3966718302913619 4.744623505951678 
3.1112206242948095 -0.7472108421971173 0.562086769952 
-0.6545223498512183 -0.34515468246096204 1.0444888394525975 
0.0 0.0 0.0 
0.0 0.0 0.0 
0.0 0.2 0.0 
-0.007920200000000016 -0.347762 0.0 
-1.23642938 -1.295730614 8.921992381999999 
0.0 0.0 0.0 
0.0 0.0 0.0 
0.0 0.0 0.0 
0.0 0.0 0.0 
-3.7535895367784526 6.394961971364305 -3.858901503023482 
-1.6767004532873644 5.914372544797252 -1.504601606360802 
8.10398875054952 11.385932274969091 3.1864763382104626 
6.54522415866132 6.264502145013014 14.222439357028637 
0.8786539241041011 0.37229088975398406 3.8176902591723945 
0.0 0.0 0.0 
-13.384378945356227 -13.300071427420168 -12.483652152329512 
0.0 0.0 0.0 
0.0 0.0 0.0 
0.0 0.0 0.0 
0.0 0.0 0.0 
0.0 0.0 0.0 
0.0 0.0 0.0 
0.0 0.0 0.0 
0.0 0.0 0.0 
-28.962081923137607 -9.11005133551441 -8.802641121273195 
0.0 0.0 0.0 
0.0 0.0 0.0 
0.0 0.0 0.0 
0.0 0.0 0.0 
-8.095493532286547 -8.203865802888425 -8.153149094210853 
-0.4895831402784393 3.1282522258947787 -0.23470669763009033 
7.483350526388554 10.689686208450393 0.8937555625027096 
11.112545364993169 11.639610395349344 9.235062914086901 
18.55364704675004 1.487882335798951 11.199645458747298 
0.09580181900825596 -0.05858166181785436 5.291583855563717 
1.0904438598947812 7.1522605305488005 -1.3889588476624182 
5.265559378531236 8.59979330612043 3.3579436837773415 
7.653801195081262 10.26373888222581 8.534828446339443 
12.824555191262856 0.8373965243814917 7.226822341031305 
-0.132104 0.0 0.6569977310782 
-0.38529131442426406 5.430014716823241 -0.3567445542231729 
9.770384144751473 16.638858868718916 3.134833397081923 
18.34917660842651 28.614298124333086 16.507766923073486 
18.514016612804884 12.267850204006649 19.03320662248929 
6.059817590290982 6.697859923881787 14.182485285934899 
0.12150803722939087 8.257603590839446 -0.880238066604228 
18.826095636555483 22.3022871279934 16.074495673843284 
21.849732511454327 21.850128409756557 21.709914264356264 
21.397290583650072 10.505094724214839 21.853424287104524 
4.086498953170149 3.6029645118325986 7.883639743737862 
-3.7512937890034035 3.696018991925974 -9.222963241357816 
15.639320868692224 17.559880257231807 3.7422145391510115 
16.7978731215422 16.499052314569134 17.57053069564992 
9.494334708511419 7.81759724332745 16.268632365142505 
-16.667400816816862 -0.18573525790986828 2.264280335854545 
-12.248904482334769 5.838704886508333 -5.2175095958664635 
10.539338392765119 14.129373769712968 1.7527564431666134 
20.95606122701242 14.364844269260034 13.65470219367133 
11.731149066228843 3.7955520567500938 15.534267056324243 
0.0 0.06727114795175039 4.063860056301404 
0.06604319606237005 5.82955129030616 0.18157401421597308 
9.118777125581316 8.316731117704265 3.43553259107192 
8.96826008046034 11.840435124813787 9.217354012851416 
10.777520806226196 3.800723462610746 13.558961533545402 
0.22808130879113148 -0.6702399886487915 5.053454659014482 
0.0 0.0 0.0 
0.0 0.0 0.0 
0.0 0.0 0.0 
0.0 0.0 0.0 
-8.421343763534471 -28.48139297076353 -8.403199704980448 
10.159779677880184 9.809764668182186 9.589054014886948 
14.774340280654805 12.079224325202238 15.085645896718285 
6.766452751573579 4.269751471719636 10.85478935009456 
13.124214499085193 -0.40597957802540907 3.9915472748745957 
0.2297875780068489 -0.9759643783809402 7.3732544022863165 
16.147408161285835 5.63117373029281 4.033086077630886 
14.341786535774613 16.713010412444625 7.479271518209446 
15.796020401002338 17.057047836175276 15.435726633331452 
10.009959612653489 5.525789437759401 16.314558392220412 
0.1370473436193334 -0.09558316538125405 7.404340675397821 
-0.5266105626325575 4.179900609809689 -0.36089394727496804 
9.639805828998988 11.907140654158678 4.545175122034616 
10.667423785783196 9.524510644671638 11.975188132744886 
3.8025773879980096 10.980804499889732 9.815324760677214 
-0.6578622564258914 -0.398 1.808794594149388 
17.021524286949592 27.11462089196213 20.499363641096025 
32.10522036502086 32.448633670467046 24.64582205721804 
32.84314545808582 33.642241486256665 32.39102268046697 
35.729160659295964 19.186401585156048 33.111078773434926 
15.257757944764244 7.335872897001261 5.95012030441623 
-4.261639509350486 -1.1146764461309115 -4.133401359183734 
7.2513599921033425 11.753135050883118 2.5601107909600036 
12.20184128451334 10.107846915357591 11.589968700705894 
3.2728883659855175 0.018842758482660926 7.711341097868262 
-0.9310224092983571 9.903749195857616 -0.06493087544037529 
9.507064665547976 15.866692067052409 9.5752034330973 
17.844839902530552 20.01076298865977 13.119865456084128 
20.03397455950605 21.300186949297693 19.935378767827295 
14.140842902204916 13.307407981226412 19.767297255990222 
-0.45702303401731115 -0.34434200000000004 7.5214986089484235 
-1.1359299169016814 1.093302381224019 -0.9199615937743371 
4.433666348936872 4.7378386638182866 0.6614397632275419 
5.101189717598177 6.722148054917324 4.77058314370462 
5.041575930823408 -2.1411036292718917 6.736060794723029 
-17.442212776134042 -8.677080205885536 1.5947857970561645 
-0.2 0.39313815999174556 0.0 
4.532587215475786 5.673480083404464 0.14764868798514197 
10.50690070896444 13.687421698733534 9.778250916980372 
11.805916136961423 2.1064066782095296 13.21797354389099 
-6.281804224620295 -6.2365692176347265 -6.599852395772522 
13.596812875412962 14.346781754228735 10.695861931863446 
18.114613946021052 18.584066224310554 17.647244606319024 
17.85030289778845 17.521718126617024 18.651973048534433 
14.655207067048785 6.920494120934451 17.381362561046036 
3.9891764810064094 1.3367574271220095 8.428176422422336 
5.989868612383333 25.46901673154968 10.319355187061776 
26.90211537019488 29.98970675260312 22.6609519333633 
31.22734504542653 32.08500668523142 30.70264851241088 
41.38630614184095 24.74566081993939 31.459034399394174 
16.353586832789723 17.327865361334702 22.94188383441717 
0.0 0.0 0.0 
13.686533770724814 23.749821357441228 12.554532098287186 
28.982093334115376 28.456643899167876 27.693998533939222 
26.665859595739327 22.589258282581223 28.488186137297447 
27.934657637655185 21.772178968863578 22.89268521099995 
0.0 0.0 0.0 
0.0 1.2540283741085543 0.2 
5.815893084091471 10.785997272307105 2.8691700188140072 
10.168558171701084 5.520077282059949 12.609574090941724 
2.715562363315846 2.9033235851768255 10.243209402441694 
-0.372104048378401 3.482538619354173 -0.22736155215031487 
14.153505567213209 0.9281214779646021 -9.667767919837331 
25.30365026150215 24.3133278452055 19.739147298603317 
3.891760094915803 13.03922097408516 25.02443738269684 
-4.765700176537909 -5.088268807981814 -25.236711508105778 
7.752639992217092 14.08222472949773 9.247505559143436 
17.8517114593711 18.855061489226763 12.657393795067966 
18.682602112156466 18.774981258845838 18.858564515055082 
19.403697706790012 11.013221889456513 21.783401840890864 
6.321536729270027 7.840220273162391 15.966017358244999 
0.0 0.0 0.0 
0.4158200000000001 5.3054328307934355 0.5014580263033221 
14.715700920089681 15.512852784718747 10.646958256185107 
15.541604126827842 9.607244155171493 15.876034243723637 
8.348106557897548 8.503035545702367 14.25056395734718 
0.08842581494850252 4.946178675122814 -0.3109072840092497 
13.11049158203778 17.96013021385389 8.237438989044177 
19.2110634488256 19.084488047104486 18.42655470050462 
18.518491049301947 7.674138330384081 19.044274393008084 
-14.668450256878497 -14.631855636331544 -13.227001085638555 
#EPSILON 0.7608881043726174
#EPISODI 40
